(89, 86)
(370, 86)
(371, 86)
(491, 86)
(492, 86)
(801, 86)
(802, 86)
(89, 87)
(371, 87)
(491, 87)
(801, 87)
(802, 87)
(89, 88)
(371, 88)
(491, 88)
(801, 88)
(802, 88)
(89, 89)
(371, 89)
(372, 89)
(490, 89)
(491, 89)
(801, 89)
(802, 89)
(89, 90)
(372, 90)
(801, 90)
(802, 90)
(89, 91)
(372, 91)
(373, 91)
(489, 91)
(801, 91)
(802, 91)
(89, 92)
(372, 92)
(373, 92)
(801, 92)
(802, 92)
(89, 93)
(372, 93)
(373, 93)
(801, 93)
(802, 93)
(89, 94)
(487, 94)
(488, 94)
(801, 94)
(802, 94)
(89, 95)
(374, 95)
(487, 95)
(801, 95)
(802, 95)
(89, 96)
(374, 96)
(486, 96)
(487, 96)
(801, 96)
(802, 96)
(89, 97)
(486, 97)
(487, 97)
(801, 97)
(802, 97)
(89, 98)
(486, 98)
(487, 98)
(801, 98)
(802, 98)
(89, 99)
(375, 99)
(376, 99)
(486, 99)
(801, 99)
(802, 99)
(89, 100)
(376, 100)
(485, 100)
(486, 100)
(801, 100)
(802, 100)
(89, 101)
(376, 101)
(377, 101)
(801, 101)
(802, 101)
(89, 102)
(376, 102)
(377, 102)
(484, 102)
(801, 102)
(802, 102)
(89, 103)
(376, 103)
(377, 103)
(484, 103)
(801, 103)
(802, 103)
(89, 104)
(377, 104)
(801, 104)
(802, 104)
(89, 105)
(377, 105)
(378, 105)
(482, 105)
(483, 105)
(801, 105)
(802, 105)
(89, 106)
(377, 106)
(378, 106)
(482, 106)
(801, 106)
(802, 106)
(89, 107)
(481, 107)
(482, 107)
(801, 107)
(802, 107)
(89, 108)
(481, 108)
(482, 108)
(801, 108)
(802, 108)
(89, 109)
(379, 109)
(481, 109)
(801, 109)
(802, 109)
(89, 110)
(480, 110)
(481, 110)
(801, 110)
(802, 110)
(89, 111)
(380, 111)
(381, 111)
(480, 111)
(481, 111)
(801, 111)
(802, 111)
(89, 112)
(380, 112)
(381, 112)
(480, 112)
(801, 112)
(802, 112)
(89, 113)
(380, 113)
(381, 113)
(480, 113)
(801, 113)
(802, 113)
(89, 114)
(381, 114)
(478, 114)
(479, 114)
(480, 114)
(801, 114)
(802, 114)
(89, 115)
(381, 115)
(382, 115)
(478, 115)
(801, 115)
(802, 115)
(89, 116)
(381, 116)
(382, 116)
(477, 116)
(478, 116)
(801, 116)
(802, 116)
(89, 117)
(382, 117)
(477, 117)
(801, 117)
(802, 117)
(89, 118)
(382, 118)
(477, 118)
(801, 118)
(802, 118)
(89, 119)
(382, 119)
(383, 119)
(476, 119)
(477, 119)
(801, 119)
(802, 119)
(89, 120)
(382, 120)
(383, 120)
(476, 120)
(801, 120)
(802, 120)
(89, 121)
(475, 121)
(476, 121)
(801, 121)
(802, 121)
(89, 122)
(384, 122)
(475, 122)
(476, 122)
(801, 122)
(802, 122)
(89, 123)
(384, 123)
(475, 123)
(476, 123)
(801, 123)
(802, 123)
(89, 124)
(801, 124)
(802, 124)
(89, 125)
(385, 125)
(386, 125)
(474, 125)
(801, 125)
(802, 125)
(89, 126)
(385, 126)
(386, 126)
(801, 126)
(802, 126)
(89, 127)
(386, 127)
(472, 127)
(473, 127)
(801, 127)
(802, 127)
(89, 128)
(386, 128)
(472, 128)
(473, 128)
(801, 128)
(802, 128)
(89, 129)
(386, 129)
(387, 129)
(472, 129)
(801, 129)
(802, 129)
(89, 130)
(386, 130)
(387, 130)
(471, 130)
(472, 130)
(801, 130)
(802, 130)
(89, 131)
(387, 131)
(471, 131)
(801, 131)
(802, 131)
(89, 132)
(387, 132)
(388, 132)
(470, 132)
(471, 132)
(801, 132)
(802, 132)
(89, 133)
(387, 133)
(388, 133)
(470, 133)
(471, 133)
(801, 133)
(802, 133)
(89, 134)
(801, 134)
(802, 134)
(89, 135)
(389, 135)
(469, 135)
(801, 135)
(802, 135)
(89, 136)
(389, 136)
(469, 136)
(801, 136)
(802, 136)
(89, 137)
(801, 137)
(802, 137)
(89, 138)
(801, 138)
(802, 138)
(89, 139)
(390, 139)
(391, 139)
(467, 139)
(468, 139)
(801, 139)
(802, 139)
(89, 140)
(390, 140)
(391, 140)
(467, 140)
(801, 140)
(802, 140)
(89, 141)
(391, 141)
(466, 141)
(467, 141)
(801, 141)
(802, 141)
(89, 142)
(391, 142)
(392, 142)
(466, 142)
(801, 142)
(802, 142)
(89, 143)
(391, 143)
(392, 143)
(466, 143)
(801, 143)
(802, 143)
(89, 144)
(392, 144)
(465, 144)
(466, 144)
(801, 144)
(802, 144)
(89, 145)
(392, 145)
(393, 145)
(801, 145)
(802, 145)
(89, 146)
(392, 146)
(393, 146)
(464, 146)
(801, 146)
(802, 146)
(89, 147)
(464, 147)
(801, 147)
(802, 147)
(89, 148)
(464, 148)
(801, 148)
(802, 148)
(89, 149)
(394, 149)
(801, 149)
(802, 149)
(89, 150)
(394, 150)
(462, 150)
(463, 150)
(801, 150)
(802, 150)
(89, 151)
(462, 151)
(801, 151)
(802, 151)
(89, 152)
(395, 152)
(396, 152)
(461, 152)
(462, 152)
(801, 152)
(802, 152)
(89, 153)
(395, 153)
(396, 153)
(461, 153)
(462, 153)
(801, 153)
(802, 153)
(89, 154)
(396, 154)
(461, 154)
(801, 154)
(802, 154)
(89, 155)
(396, 155)
(397, 155)
(460, 155)
(461, 155)
(801, 155)
(802, 155)
(89, 156)
(396, 156)
(397, 156)
(801, 156)
(802, 156)
(89, 157)
(397, 157)
(459, 157)
(801, 157)
(802, 157)
(89, 158)
(397, 158)
(459, 158)
(801, 158)
(802, 158)
(89, 159)
(397, 159)
(398, 159)
(459, 159)
(801, 159)
(802, 159)
(89, 160)
(397, 160)
(398, 160)
(801, 160)
(802, 160)
(89, 161)
(457, 161)
(458, 161)
(801, 161)
(802, 161)
(89, 162)
(399, 162)
(457, 162)
(801, 162)
(802, 162)
(89, 163)
(399, 163)
(457, 163)
(801, 163)
(802, 163)
(89, 164)
(456, 164)
(457, 164)
(801, 164)
(802, 164)
(89, 165)
(400, 165)
(401, 165)
(456, 165)
(801, 165)
(802, 165)
(89, 166)
(400, 166)
(401, 166)
(455, 166)
(456, 166)
(801, 166)
(802, 166)
(89, 167)
(401, 167)
(801, 167)
(802, 167)
(89, 168)
(401, 168)
(801, 168)
(802, 168)
(89, 169)
(401, 169)
(402, 169)
(454, 169)
(801, 169)
(802, 169)
(89, 170)
(401, 170)
(402, 170)
(801, 170)
(802, 170)
(89, 171)
(402, 171)
(452, 171)
(453, 171)
(801, 171)
(802, 171)
(89, 172)
(402, 172)
(403, 172)
(452, 172)
(453, 172)
(801, 172)
(802, 172)
(89, 173)
(402, 173)
(403, 173)
(452, 173)
(453, 173)
(801, 173)
(802, 173)
(89, 174)
(402, 174)
(403, 174)
(452, 174)
(801, 174)
(802, 174)
(89, 175)
(451, 175)
(452, 175)
(801, 175)
(802, 175)
(89, 176)
(404, 176)
(451, 176)
(801, 176)
(802, 176)
(89, 177)
(450, 177)
(451, 177)
(801, 177)
(802, 177)
(89, 178)
(450, 178)
(451, 178)
(801, 178)
(802, 178)
(89, 179)
(405, 179)
(406, 179)
(801, 179)
(802, 179)
(89, 180)
(405, 180)
(406, 180)
(449, 180)
(801, 180)
(802, 180)
(89, 181)
(406, 181)
(801, 181)
(802, 181)
(89, 182)
(406, 182)
(407, 182)
(447, 182)
(448, 182)
(801, 182)
(802, 182)
(89, 183)
(406, 183)
(407, 183)
(447, 183)
(448, 183)
(801, 183)
(802, 183)
(89, 184)
(406, 184)
(407, 184)
(447, 184)
(448, 184)
(801, 184)
(802, 184)
(89, 185)
(407, 185)
(447, 185)
(801, 185)
(802, 185)
(89, 186)
(407, 186)
(408, 186)
(446, 186)
(447, 186)
(801, 186)
(802, 186)
(89, 187)
(446, 187)
(801, 187)
(802, 187)
(89, 188)
(446, 188)
(801, 188)
(802, 188)
(89, 189)
(409, 189)
(445, 189)
(446, 189)
(801, 189)
(802, 189)
(89, 190)
(409, 190)
(801, 190)
(802, 190)
(89, 191)
(444, 191)
(801, 191)
(802, 191)
(89, 192)
(410, 192)
(411, 192)
(801, 192)
(802, 192)
(89, 193)
(410, 193)
(411, 193)
(801, 193)
(802, 193)
(89, 194)
(410, 194)
(411, 194)
(442, 194)
(443, 194)
(801, 194)
(802, 194)
(89, 195)
(411, 195)
(442, 195)
(801, 195)
(802, 195)
(89, 196)
(411, 196)
(412, 196)
(441, 196)
(442, 196)
(801, 196)
(802, 196)
(89, 197)
(412, 197)
(441, 197)
(442, 197)
(801, 197)
(802, 197)
(89, 198)
(412, 198)
(441, 198)
(442, 198)
(801, 198)
(802, 198)
(89, 199)
(412, 199)
(413, 199)
(441, 199)
(801, 199)
(802, 199)
(89, 200)
(412, 200)
(413, 200)
(440, 200)
(441, 200)
(801, 200)
(802, 200)
(89, 201)
(801, 201)
(802, 201)
(89, 202)
(414, 202)
(439, 202)
(801, 202)
(802, 202)
(89, 203)
(414, 203)
(439, 203)
(801, 203)
(802, 203)
(89, 204)
(414, 204)
(801, 204)
(802, 204)
(89, 205)
(437, 205)
(438, 205)
(801, 205)
(802, 205)
(89, 206)
(415, 206)
(416, 206)
(437, 206)
(801, 206)
(802, 206)
(89, 207)
(416, 207)
(436, 207)
(437, 207)
(801, 207)
(802, 207)
(89, 208)
(416, 208)
(436, 208)
(437, 208)
(801, 208)
(802, 208)
(89, 209)
(416, 209)
(417, 209)
(436, 209)
(437, 209)
(801, 209)
(802, 209)
(89, 210)
(416, 210)
(417, 210)
(436, 210)
(801, 210)
(802, 210)
(89, 211)
(417, 211)
(435, 211)
(436, 211)
(801, 211)
(802, 211)
(89, 212)
(417, 212)
(418, 212)
(801, 212)
(802, 212)
(89, 213)
(417, 213)
(418, 213)
(801, 213)
(802, 213)
(89, 214)
(417, 214)
(418, 214)
(434, 214)
(801, 214)
(802, 214)
(89, 215)
(801, 215)
(802, 215)
(89, 216)
(419, 216)
(432, 216)
(433, 216)
(801, 216)
(802, 216)
(432, 217)
(801, 217)
(802, 217)
(432, 218)
(801, 218)
(802, 218)
(182, 219)
(183, 219)
(420, 219)
(421, 219)
(431, 219)
(432, 219)
(801, 219)
(802, 219)
(182, 220)
(183, 220)
(420, 220)
(421, 220)
(431, 220)
(801, 220)
(802, 220)
(182, 221)
(183, 221)
(421, 221)
(430, 221)
(431, 221)
(801, 221)
(802, 221)
(182, 222)
(183, 222)
(421, 222)
(422, 222)
(430, 222)
(431, 222)
(801, 222)
(802, 222)
(182, 223)
(183, 223)
(421, 223)
(422, 223)
(430, 223)
(431, 223)
(801, 223)
(802, 223)
(182, 224)
(183, 224)
(421, 224)
(422, 224)
(801, 224)
(802, 224)
(182, 225)
(183, 225)
(422, 225)
(429, 225)
(801, 225)
(802, 225)
(182, 226)
(183, 226)
(422, 226)
(423, 226)
(801, 226)
(802, 226)
(182, 227)
(183, 227)
(427, 227)
(428, 227)
(801, 227)
(802, 227)
(182, 228)
(183, 228)
(427, 228)
(428, 228)
(801, 228)
(802, 228)
(182, 229)
(183, 229)
(424, 229)
(427, 229)
(801, 229)
(802, 229)
(182, 230)
(183, 230)
(424, 230)
(427, 230)
(801, 230)
(802, 230)
(182, 231)
(183, 231)
(801, 231)
(802, 231)
(182, 232)
(183, 232)
(801, 232)
(802, 232)
(182, 233)
(183, 233)
(801, 233)
(802, 233)
(182, 234)
(183, 234)
(801, 234)
(802, 234)
(182, 235)
(183, 235)
(801, 235)
(802, 235)
(182, 236)
(183, 236)
(801, 236)
(802, 236)
(182, 237)
(183, 237)
(801, 237)
(802, 237)
(182, 238)
(183, 238)
(801, 238)
(802, 238)
(182, 239)
(183, 239)
(801, 239)
(802, 239)
(182, 240)
(183, 240)
(801, 240)
(802, 240)
(182, 241)
(183, 241)
(801, 241)
(802, 241)
(182, 242)
(183, 242)
(801, 242)
(802, 242)
(182, 243)
(183, 243)
(801, 243)
(802, 243)
(182, 244)
(183, 244)
(801, 244)
(802, 244)
(182, 245)
(183, 245)
(801, 245)
(802, 245)
(182, 246)
(183, 246)
(801, 246)
(802, 246)
(182, 247)
(183, 247)
(801, 247)
(802, 247)
(182, 248)
(183, 248)
(801, 248)
(802, 248)
(182, 249)
(183, 249)
(801, 249)
(802, 249)
(182, 250)
(183, 250)
(801, 250)
(802, 250)
(182, 251)
(183, 251)
(801, 251)
(802, 251)
(182, 252)
(183, 252)
(801, 252)
(802, 252)
(182, 253)
(183, 253)
(801, 253)
(802, 253)
(182, 254)
(183, 254)
(801, 254)
(802, 254)
(182, 255)
(183, 255)
(801, 255)
(802, 255)
(182, 256)
(183, 256)
(801, 256)
(802, 256)
(182, 257)
(183, 257)
(801, 257)
(802, 257)
(182, 258)
(183, 258)
(801, 258)
(802, 258)
(182, 259)
(183, 259)
(801, 259)
(802, 259)
(182, 260)
(183, 260)
(801, 260)
(802, 260)
(182, 261)
(183, 261)
(801, 261)
(802, 261)
(182, 262)
(183, 262)
(801, 262)
(802, 262)
(182, 263)
(183, 263)
(801, 263)
(802, 263)
(182, 264)
(183, 264)
(801, 264)
(802, 264)
(182, 265)
(183, 265)
(801, 265)
(802, 265)
(182, 266)
(183, 266)
(801, 266)
(802, 266)
(182, 267)
(183, 267)
(801, 267)
(802, 267)
(182, 268)
(183, 268)
(801, 268)
(802, 268)
(182, 269)
(183, 269)
(801, 269)
(802, 269)
(182, 270)
(183, 270)
(801, 270)
(802, 270)
(182, 271)
(183, 271)
(801, 271)
(802, 271)
(182, 272)
(183, 272)
(801, 272)
(802, 272)
(182, 273)
(183, 273)
(801, 273)
(802, 273)
(182, 274)
(183, 274)
(801, 274)
(802, 274)
(182, 275)
(183, 275)
(801, 275)
(802, 275)
(182, 276)
(183, 276)
(801, 276)
(802, 276)
(182, 277)
(183, 277)
(801, 277)
(802, 277)
(182, 278)
(183, 278)
(801, 278)
(802, 278)
(182, 279)
(183, 279)
(801, 279)
(802, 279)
(182, 280)
(183, 280)
(801, 280)
(802, 280)
(182, 281)
(183, 281)
(801, 281)
(802, 281)
(182, 282)
(183, 282)
(801, 282)
(802, 282)
(182, 283)
(183, 283)
(801, 283)
(802, 283)
(182, 284)
(183, 284)
(801, 284)
(802, 284)
(182, 285)
(183, 285)
(801, 285)
(802, 285)
(182, 286)
(183, 286)
(801, 286)
(802, 286)
(182, 287)
(183, 287)
(801, 287)
(802, 287)
(182, 288)
(183, 288)
(801, 288)
(802, 288)
(182, 289)
(183, 289)
(801, 289)
(802, 289)
(182, 290)
(183, 290)
(801, 290)
(802, 290)
(182, 291)
(183, 291)
(801, 291)
(802, 291)
(182, 292)
(183, 292)
(801, 292)
(802, 292)
(182, 293)
(183, 293)
(801, 293)
(802, 293)
(182, 294)
(183, 294)
(801, 294)
(802, 294)
(182, 295)
(183, 295)
(801, 295)
(802, 295)
(182, 296)
(183, 296)
(801, 296)
(802, 296)
(182, 297)
(183, 297)
(801, 297)
(802, 297)
(182, 298)
(183, 298)
(801, 298)
(802, 298)
(182, 299)
(183, 299)
(801, 299)
(802, 299)
(182, 300)
(183, 300)
(801, 300)
(802, 300)
(182, 301)
(183, 301)
(801, 301)
(802, 301)
(182, 302)
(183, 302)
(801, 302)
(802, 302)
(182, 303)
(183, 303)
(801, 303)
(802, 303)
(182, 304)
(183, 304)
(801, 304)
(802, 304)
(182, 305)
(183, 305)
(801, 305)
(802, 305)
(182, 306)
(183, 306)
(801, 306)
(802, 306)
(182, 307)
(183, 307)
(801, 307)
(802, 307)
(182, 308)
(183, 308)
(801, 308)
(802, 308)
(182, 309)
(183, 309)
(801, 309)
(802, 309)
(182, 310)
(183, 310)
(801, 310)
(802, 310)
(182, 311)
(183, 311)
(801, 311)
(802, 311)
(182, 312)
(183, 312)
(801, 312)
(802, 312)
(182, 313)
(183, 313)
(801, 313)
(802, 313)
(182, 314)
(183, 314)
(801, 314)
(802, 314)
(182, 315)
(183, 315)
(801, 315)
(802, 315)
(182, 316)
(183, 316)
(801, 316)
(802, 316)
(182, 317)
(183, 317)
(801, 317)
(802, 317)
(182, 318)
(183, 318)
(801, 318)
(802, 318)
(182, 319)
(183, 319)
(801, 319)
(802, 319)
(182, 320)
(183, 320)
(801, 320)
(802, 320)
(182, 321)
(183, 321)
(801, 321)
(802, 321)
(182, 322)
(183, 322)
(801, 322)
(802, 322)
(182, 323)
(183, 323)
(801, 323)
(802, 323)
(182, 324)
(183, 324)
(801, 324)
(802, 324)
(182, 325)
(183, 325)
(801, 325)
(802, 325)
(182, 326)
(183, 326)
(801, 326)
(802, 326)
(182, 327)
(183, 327)
(801, 327)
(802, 327)
(182, 328)
(183, 328)
(801, 328)
(802, 328)
(801, 329)
(802, 329)
(89, 330)
(801, 330)
(802, 330)
(89, 331)
(801, 331)
(802, 331)
(89, 332)
(801, 332)
(802, 332)
(89, 333)
(801, 333)
(802, 333)
(89, 334)
(801, 334)
(802, 334)
(89, 335)
(801, 335)
(802, 335)
(89, 336)
(801, 336)
(802, 336)
(89, 337)
(801, 337)
(802, 337)
(89, 338)
(801, 338)
(802, 338)
(89, 339)
(801, 339)
(802, 339)
(89, 340)
(801, 340)
(802, 340)
(89, 341)
(801, 341)
(802, 341)
(89, 342)
(801, 342)
(802, 342)
(89, 343)
(801, 343)
(802, 343)
(89, 344)
(801, 344)
(802, 344)
(89, 345)
(801, 345)
(802, 345)
(89, 346)
(801, 346)
(802, 346)
(89, 347)
(801, 347)
(802, 347)
(89, 348)
(801, 348)
(802, 348)
(89, 349)
(801, 349)
(802, 349)
(89, 350)
(801, 350)
(802, 350)
(89, 351)
(801, 351)
(802, 351)
(89, 352)
(801, 352)
(802, 352)
(89, 353)
(801, 353)
(802, 353)
(89, 354)
(801, 354)
(802, 354)
(89, 355)
(801, 355)
(802, 355)
(89, 356)
(801, 356)
(802, 356)
(89, 357)
(801, 357)
(802, 357)
(89, 358)
(801, 358)
(802, 358)
(89, 359)
(801, 359)
(802, 359)
(89, 360)
(801, 360)
(802, 360)
(89, 361)
(801, 361)
(802, 361)
(89, 362)
(801, 362)
(802, 362)
(89, 363)
(801, 363)
(802, 363)
(89, 364)
(801, 364)
(802, 364)
(89, 365)
(801, 365)
(802, 365)
(89, 366)
(801, 366)
(802, 366)
(89, 367)
(801, 367)
(802, 367)
(89, 368)
(801, 368)
(802, 368)
(89, 369)
(801, 369)
(802, 369)
(89, 370)
(801, 370)
(802, 370)
(801, 371)
(802, 371)
(89, 372)
(801, 372)
(802, 372)
(89, 373)
(801, 373)
(802, 373)
(89, 374)
(801, 374)
(802, 374)
(89, 375)
(801, 375)
(802, 375)
(89, 376)
(801, 376)
(802, 376)
(89, 377)
(801, 377)
(802, 377)
(89, 378)
(801, 378)
(802, 378)
(89, 379)
(801, 379)
(802, 379)
(89, 380)
(801, 380)
(802, 380)
(89, 381)
(801, 381)
(802, 381)
(89, 382)
(801, 382)
(802, 382)
(89, 383)
(801, 383)
(802, 383)
(89, 384)
(801, 384)
(802, 384)
(89, 385)
(801, 385)
(802, 385)
(89, 386)
(801, 386)
(802, 386)
(89, 387)
(801, 387)
(802, 387)
(89, 388)
(801, 388)
(802, 388)
(89, 389)
(801, 389)
(802, 389)
(89, 390)
(801, 390)
(802, 390)
(89, 391)
(801, 391)
(802, 391)
(89, 392)
(801, 392)
(802, 392)
(89, 393)
(801, 393)
(802, 393)
(89, 394)
(801, 394)
(802, 394)
(89, 395)
(801, 395)
(802, 395)
(89, 396)
(801, 396)
(802, 396)
(89, 397)
(801, 397)
(802, 397)
(89, 398)
(801, 398)
(802, 398)
(89, 399)
(801, 399)
(802, 399)
(89, 400)
(801, 400)
(802, 400)
(89, 401)
(801, 401)
(802, 401)
(89, 402)
(801, 402)
(802, 402)
(89, 403)
(801, 403)
(802, 403)
(89, 404)
(801, 404)
(802, 404)
(89, 405)
(801, 405)
(802, 405)
(89, 406)
(801, 406)
(802, 406)
(89, 407)
(801, 407)
(802, 407)
(89, 408)
(801, 408)
(802, 408)
(89, 409)
(801, 409)
(802, 409)
(89, 410)
(801, 410)
(802, 410)
(89, 411)
(801, 411)
(802, 411)
(89, 412)
(801, 412)
(802, 412)
(89, 413)
(801, 413)
(802, 413)
(89, 414)
(801, 414)
(802, 414)
(89, 415)
(801, 415)
(802, 415)
(89, 416)
(801, 416)
(802, 416)
(89, 417)
(801, 417)
(802, 417)
(89, 418)
(801, 418)
(802, 418)
(89, 419)
(801, 419)
(802, 419)
(89, 420)
(430, 420)
(433, 420)
(801, 420)
(802, 420)
(89, 421)
(801, 421)
(802, 421)
(89, 422)
(429, 422)
(434, 422)
(801, 422)
(802, 422)
(89, 423)
(429, 423)
(434, 423)
(801, 423)
(802, 423)
(89, 424)
(801, 424)
(802, 424)
(89, 425)
(427, 425)
(428, 425)
(435, 425)
(436, 425)
(801, 425)
(802, 425)
(89, 426)
(427, 426)
(436, 426)
(801, 426)
(802, 426)
(89, 427)
(426, 427)
(436, 427)
(437, 427)
(801, 427)
(802, 427)
(89, 428)
(426, 428)
(436, 428)
(437, 428)
(801, 428)
(802, 428)
(89, 429)
(425, 429)
(426, 429)
(437, 429)
(801, 429)
(802, 429)
(89, 430)
(437, 430)
(438, 430)
(801, 430)
(802, 430)
(424, 431)
(801, 431)
(802, 431)
(439, 432)
(801, 432)
(802, 432)
(439, 433)
(801, 433)
(802, 433)
(89, 434)
(422, 434)
(423, 434)
(439, 434)
(801, 434)
(802, 434)
(89, 435)
(422, 435)
(801, 435)
(802, 435)
(89, 436)
(421, 436)
(422, 436)
(440, 436)
(441, 436)
(801, 436)
(802, 436)
(89, 437)
(421, 437)
(441, 437)
(801, 437)
(802, 437)
(89, 438)
(421, 438)
(441, 438)
(801, 438)
(802, 438)
(89, 439)
(420, 439)
(421, 439)
(441, 439)
(442, 439)
(801, 439)
(802, 439)
(89, 440)
(442, 440)
(801, 440)
(802, 440)
(89, 441)
(419, 441)
(442, 441)
(443, 441)
(801, 441)
(802, 441)
(89, 442)
(801, 442)
(802, 442)
(89, 443)
(801, 443)
(802, 443)
(89, 444)
(417, 444)
(418, 444)
(444, 444)
(801, 444)
(802, 444)
(89, 445)
(417, 445)
(801, 445)
(802, 445)
(89, 446)
(416, 446)
(417, 446)
(445, 446)
(446, 446)
(801, 446)
(802, 446)
(89, 447)
(416, 447)
(417, 447)
(446, 447)
(801, 447)
(802, 447)
(89, 448)
(416, 448)
(417, 448)
(446, 448)
(801, 448)
(802, 448)
(89, 449)
(446, 449)
(447, 449)
(801, 449)
(802, 449)
(89, 450)
(447, 450)
(801, 450)
(802, 450)
(89, 451)
(447, 451)
(448, 451)
(801, 451)
(802, 451)
(89, 452)
(415, 452)
(416, 452)
(801, 452)
(802, 452)
(89, 453)
(415, 453)
(416, 453)
(801, 453)
(802, 453)
(89, 454)
(449, 454)
(801, 454)
(802, 454)
(89, 455)
(414, 455)
(449, 455)
(801, 455)
(802, 455)
(89, 456)
(414, 456)
(801, 456)
(802, 456)
(89, 457)
(450, 457)
(451, 457)
(801, 457)
(802, 457)
(89, 458)
(450, 458)
(451, 458)
(801, 458)
(802, 458)
(89, 459)
(413, 459)
(451, 459)
(801, 459)
(802, 459)
(89, 460)
(412, 460)
(413, 460)
(451, 460)
(452, 460)
(801, 460)
(802, 460)
(89, 461)
(412, 461)
(452, 461)
(801, 461)
(802, 461)
(89, 462)
(411, 462)
(412, 462)
(452, 462)
(453, 462)
(801, 462)
(802, 462)
(89, 463)
(411, 463)
(412, 463)
(452, 463)
(453, 463)
(801, 463)
(802, 463)
(89, 464)
(411, 464)
(412, 464)
(801, 464)
(802, 464)
(89, 465)
(411, 465)
(412, 465)
(454, 465)
(801, 465)
(802, 465)
(89, 466)
(411, 466)
(801, 466)
(802, 466)
(89, 467)
(410, 467)
(411, 467)
(455, 467)
(456, 467)
(801, 467)
(802, 467)
(89, 468)
(410, 468)
(411, 468)
(455, 468)
(456, 468)
(801, 468)
(802, 468)
(89, 469)
(410, 469)
(411, 469)
(456, 469)
(801, 469)
(802, 469)
(89, 470)
(456, 470)
(457, 470)
(801, 470)
(802, 470)
(89, 471)
(409, 471)
(457, 471)
(801, 471)
(802, 471)
(89, 472)
(409, 472)
(457, 472)
(458, 472)
(801, 472)
(802, 472)
(89, 473)
(409, 473)
(457, 473)
(458, 473)
(801, 473)
(802, 473)
(89, 474)
(801, 474)
(802, 474)
(89, 475)
(407, 475)
(408, 475)
(459, 475)
(801, 475)
(802, 475)
(89, 476)
(407, 476)
(408, 476)
(459, 476)
(801, 476)
(802, 476)
(89, 477)
(407, 477)
(408, 477)
(801, 477)
(802, 477)
(89, 478)
(407, 478)
(408, 478)
(801, 478)
(802, 478)
(89, 479)
(407, 479)
(460, 479)
(461, 479)
(801, 479)
(802, 479)
(89, 480)
(406, 480)
(407, 480)
(461, 480)
(801, 480)
(802, 480)
(89, 481)
(406, 481)
(407, 481)
(461, 481)
(462, 481)
(801, 481)
(802, 481)
(89, 482)
(406, 482)
(462, 482)
(801, 482)
(802, 482)
(89, 483)
(406, 483)
(462, 483)
(801, 483)
(802, 483)
(89, 484)
(405, 484)
(406, 484)
(462, 484)
(463, 484)
(801, 484)
(802, 484)
(89, 485)
(405, 485)
(406, 485)
(801, 485)
(802, 485)
(89, 486)
(405, 486)
(406, 486)
(464, 486)
(801, 486)
(802, 486)
(89, 487)
(801, 487)
(802, 487)
(89, 488)
(801, 488)
(802, 488)
(89, 489)
(404, 489)
(465, 489)
(466, 489)
(801, 489)
(802, 489)
(89, 490)
(404, 490)
(466, 490)
(801, 490)
(802, 490)
(89, 491)
(466, 491)
(467, 491)
(801, 491)
(802, 491)
(89, 492)
(402, 492)
(403, 492)
(467, 492)
(801, 492)
(802, 492)
(89, 493)
(402, 493)
(403, 493)
(467, 493)
(801, 493)
(802, 493)
(89, 494)
(402, 494)
(403, 494)
(467, 494)
(468, 494)
(801, 494)
(802, 494)
(89, 495)
(402, 495)
(403, 495)
(801, 495)
(802, 495)
(89, 496)
(402, 496)
(469, 496)
(801, 496)
(802, 496)
(89, 497)
(401, 497)
(402, 497)
(801, 497)
(802, 497)
(89, 498)
(401, 498)
(402, 498)
(801, 498)
(802, 498)
(89, 499)
(401, 499)
(402, 499)
(470, 499)
(471, 499)
(801, 499)
(802, 499)
(89, 500)
(401, 500)
(471, 500)
(801, 500)
(802, 500)
(89, 501)
(400, 501)
(401, 501)
(471, 501)
(472, 501)
(801, 501)
(802, 501)
(89, 502)
(400, 502)
(401, 502)
(472, 502)
(801, 502)
(802, 502)
(89, 503)
(400, 503)
(401, 503)
(472, 503)
(801, 503)
(802, 503)
(89, 504)
(400, 504)
(401, 504)
(472, 504)
(473, 504)
(801, 504)
(802, 504)
(89, 505)
(472, 505)
(473, 505)
(801, 505)
(802, 505)
(89, 506)
(399, 506)
(801, 506)
(802, 506)
(89, 507)
(399, 507)
(474, 507)
(801, 507)
(802, 507)
(89, 508)
(399, 508)
(474, 508)
(801, 508)
(802, 508)
(89, 509)
(801, 509)
(802, 509)
(89, 510)
(397, 510)
(398, 510)
(475, 510)
(476, 510)
(801, 510)
(802, 510)
(89, 511)
(397, 511)
(398, 511)
(476, 511)
(801, 511)
(802, 511)
(89, 512)
(397, 512)
(398, 512)
(476, 512)
(477, 512)
(801, 512)
(802, 512)
(89, 513)
(397, 513)
(398, 513)
(476, 513)
(477, 513)
(801, 513)
(802, 513)
(89, 514)
(397, 514)
(477, 514)
(801, 514)
(802, 514)
(89, 515)
(396, 515)
(397, 515)
(477, 515)
(478, 515)
(801, 515)
(802, 515)
(89, 516)
(396, 516)
(397, 516)
(478, 516)
(801, 516)
(802, 516)
(89, 517)
(396, 517)
(478, 517)
(479, 517)
(480, 517)
(801, 517)
(802, 517)
(89, 518)
(396, 518)
(478, 518)
(479, 518)
(480, 518)
(801, 518)
(802, 518)
(89, 519)
(395, 519)
(396, 519)
(480, 519)
(801, 519)
(802, 519)
(89, 520)
(395, 520)
(396, 520)
(480, 520)
(481, 520)
(801, 520)
(802, 520)
(89, 521)
(395, 521)
(396, 521)
(481, 521)
(801, 521)
(802, 521)
(89, 522)
(481, 522)
(482, 522)
(801, 522)
(802, 522)
(89, 523)
(481, 523)
(482, 523)
(801, 523)
(802, 523)
(89, 524)
(394, 524)
(482, 524)
(801, 524)
(802, 524)
(89, 525)
(394, 525)
(482, 525)
(483, 525)
(801, 525)
(802, 525)
(89, 526)
(801, 526)
(802, 526)
(89, 527)
(392, 527)
(393, 527)
(484, 527)
(801, 527)
(802, 527)
(89, 528)
(392, 528)
(393, 528)
(484, 528)
(801, 528)
(802, 528)
(89, 529)
(392, 529)
(393, 529)
(801, 529)
(802, 529)
(89, 530)
(392, 530)
(393, 530)
(485, 530)
(486, 530)
(801, 530)
(802, 530)
(89, 531)
(392, 531)
(486, 531)
(801, 531)
(802, 531)
(89, 532)
(391, 532)
(392, 532)
(486, 532)
(487, 532)
(801, 532)
(802, 532)
(89, 533)
(391, 533)
(392, 533)
(486, 533)
(487, 533)
(801, 533)
(802, 533)
(89, 534)
(391, 534)
(392, 534)
(486, 534)
(487, 534)
(801, 534)
(802, 534)
(89, 535)
(391, 535)
(392, 535)
(487, 535)
(801, 535)
(802, 535)
(89, 536)
(391, 536)
(487, 536)
(488, 536)
(801, 536)
(802, 536)
(89, 537)
(390, 537)
(391, 537)
(801, 537)
(802, 537)
(89, 538)
(390, 538)
(391, 538)
(801, 538)
(802, 538)
(89, 539)
(390, 539)
(391, 539)
(489, 539)
(801, 539)
(802, 539)
(89, 540)
(801, 540)
(802, 540)
(89, 541)
(389, 541)
(490, 541)
(491, 541)
(801, 541)
(802, 541)
(89, 542)
(389, 542)
(491, 542)
(801, 542)
(802, 542)
(89, 543)
(389, 543)
(491, 543)
(801, 543)
(802, 543)
(89, 544)
(389, 544)
(491, 544)
(492, 544)
(801, 544)
(802, 544)
(89, 545)
(492, 545)
(801, 545)
(802, 545)
(89, 546)
(387, 546)
(388, 546)
(492, 546)
(493, 546)
(801, 546)
(802, 546)
(89, 547)
(387, 547)
(388, 547)
(801, 547)
(802, 547)
(89, 548)
(387, 548)
(388, 548)
(801, 548)
(802, 548)
(89, 549)
(387, 549)
(494, 549)
(801, 549)
(802, 549)
(89, 550)
(386, 550)
(387, 550)
(801, 550)
(802, 550)
(89, 551)
(386, 551)
(387, 551)
(495, 551)
(496, 551)
(801, 551)
(802, 551)
(89, 552)
(386, 552)
(387, 552)
(496, 552)
(801, 552)
(802, 552)
(89, 553)
(386, 553)
(387, 553)
(496, 553)
(801, 553)
(802, 553)
(89, 554)
(386, 554)
(496, 554)
(497, 554)
(801, 554)
(802, 554)
(89, 555)
(385, 555)
(386, 555)
(497, 555)
(801, 555)
(802, 555)
(89, 556)
(385, 556)
(386, 556)
(497, 556)
(498, 556)
(801, 556)
(802, 556)
(89, 557)
(801, 557)
(802, 557)
(89, 558)
(801, 558)
(802, 558)
(89, 559)
(384, 559)
(499, 559)
(801, 559)
(802, 559)
(89, 560)
(384, 560)
(499, 560)
(801, 560)
(802, 560)
(89, 561)
(384, 561)
(801, 561)
(802, 561)
(89, 562)
(500, 562)
(501, 562)
(801, 562)
(802, 562)
(89, 563)
(500, 563)
(501, 563)
(801, 563)
(802, 563)
(89, 564)
(382, 564)
(383, 564)
(501, 564)
(801, 564)
(802, 564)
(89, 565)
(382, 565)
(383, 565)
(501, 565)
(502, 565)
(801, 565)
(802, 565)
(89, 566)
(382, 566)
(502, 566)
(801, 566)
(802, 566)
(89, 567)
(381, 567)
(382, 567)
(502, 567)
(503, 567)
(801, 567)
(802, 567)
(89, 568)
(381, 568)
(382, 568)
(502, 568)
(503, 568)
(801, 568)
(802, 568)
(89, 569)
(381, 569)
(382, 569)
(801, 569)
(802, 569)
(92, 83)
(93, 83)
(94, 83)
(95, 83)
(96, 83)
(97, 83)
(98, 83)
(99, 83)
(100, 83)
(101, 83)
(102, 83)
(103, 83)
(104, 83)
(105, 83)
(106, 83)
(107, 83)
(108, 83)
(109, 83)
(110, 83)
(111, 83)
(112, 83)
(113, 83)
(114, 83)
(115, 83)
(116, 83)
(117, 83)
(118, 83)
(119, 83)
(120, 83)
(121, 83)
(122, 83)
(123, 83)
(124, 83)
(125, 83)
(126, 83)
(127, 83)
(128, 83)
(129, 83)
(130, 83)
(131, 83)
(132, 83)
(133, 83)
(134, 83)
(135, 83)
(136, 83)
(137, 83)
(138, 83)
(139, 83)
(140, 83)
(141, 83)
(142, 83)
(143, 83)
(144, 83)
(145, 83)
(146, 83)
(147, 83)
(148, 83)
(149, 83)
(150, 83)
(151, 83)
(152, 83)
(153, 83)
(154, 83)
(155, 83)
(156, 83)
(157, 83)
(158, 83)
(159, 83)
(160, 83)
(161, 83)
(162, 83)
(163, 83)
(164, 83)
(165, 83)
(166, 83)
(167, 83)
(168, 83)
(169, 83)
(170, 83)
(171, 83)
(172, 83)
(173, 83)
(174, 83)
(175, 83)
(176, 83)
(177, 83)
(178, 83)
(179, 83)
(180, 83)
(181, 83)
(182, 83)
(183, 83)
(184, 83)
(185, 83)
(186, 83)
(187, 83)
(188, 83)
(189, 83)
(190, 83)
(191, 83)
(192, 83)
(193, 83)
(194, 83)
(195, 83)
(196, 83)
(197, 83)
(198, 83)
(199, 83)
(200, 83)
(201, 83)
(202, 83)
(203, 83)
(204, 83)
(205, 83)
(206, 83)
(207, 83)
(208, 83)
(209, 83)
(210, 83)
(211, 83)
(212, 83)
(213, 83)
(214, 83)
(215, 83)
(216, 83)
(217, 83)
(218, 83)
(219, 83)
(220, 83)
(221, 83)
(222, 83)
(223, 83)
(224, 83)
(225, 83)
(226, 83)
(227, 83)
(228, 83)
(229, 83)
(230, 83)
(231, 83)
(232, 83)
(233, 83)
(234, 83)
(235, 83)
(236, 83)
(237, 83)
(238, 83)
(239, 83)
(240, 83)
(241, 83)
(242, 83)
(243, 83)
(244, 83)
(245, 83)
(246, 83)
(247, 83)
(248, 83)
(249, 83)
(250, 83)
(251, 83)
(252, 83)
(253, 83)
(254, 83)
(255, 83)
(256, 83)
(257, 83)
(258, 83)
(259, 83)
(260, 83)
(261, 83)
(262, 83)
(263, 83)
(264, 83)
(265, 83)
(266, 83)
(267, 83)
(268, 83)
(269, 83)
(270, 83)
(271, 83)
(272, 83)
(273, 83)
(274, 83)
(275, 83)
(276, 83)
(277, 83)
(278, 83)
(279, 83)
(280, 83)
(281, 83)
(282, 83)
(283, 83)
(284, 83)
(285, 83)
(286, 83)
(287, 83)
(288, 83)
(289, 83)
(290, 83)
(291, 83)
(292, 83)
(293, 83)
(294, 83)
(295, 83)
(296, 83)
(297, 83)
(298, 83)
(299, 83)
(300, 83)
(301, 83)
(302, 83)
(303, 83)
(304, 83)
(305, 83)
(306, 83)
(307, 83)
(308, 83)
(309, 83)
(310, 83)
(311, 83)
(312, 83)
(313, 83)
(314, 83)
(315, 83)
(316, 83)
(317, 83)
(318, 83)
(319, 83)
(320, 83)
(321, 83)
(322, 83)
(323, 83)
(324, 83)
(325, 83)
(326, 83)
(327, 83)
(328, 83)
(329, 83)
(330, 83)
(331, 83)
(332, 83)
(333, 83)
(334, 83)
(335, 83)
(336, 83)
(337, 83)
(338, 83)
(339, 83)
(340, 83)
(341, 83)
(342, 83)
(343, 83)
(344, 83)
(345, 83)
(346, 83)
(347, 83)
(348, 83)
(349, 83)
(350, 83)
(351, 83)
(352, 83)
(353, 83)
(354, 83)
(355, 83)
(356, 83)
(357, 83)
(358, 83)
(359, 83)
(360, 83)
(361, 83)
(362, 83)
(363, 83)
(364, 83)
(365, 83)
(366, 83)
(367, 83)
(368, 83)
(369, 83)
(494, 83)
(495, 83)
(496, 83)
(497, 83)
(498, 83)
(499, 83)
(500, 83)
(501, 83)
(502, 83)
(503, 83)
(504, 83)
(505, 83)
(506, 83)
(507, 83)
(508, 83)
(509, 83)
(510, 83)
(511, 83)
(512, 83)
(513, 83)
(514, 83)
(515, 83)
(516, 83)
(517, 83)
(518, 83)
(519, 83)
(520, 83)
(521, 83)
(522, 83)
(523, 83)
(524, 83)
(525, 83)
(526, 83)
(527, 83)
(528, 83)
(529, 83)
(530, 83)
(531, 83)
(532, 83)
(533, 83)
(534, 83)
(535, 83)
(536, 83)
(537, 83)
(538, 83)
(539, 83)
(540, 83)
(541, 83)
(542, 83)
(543, 83)
(544, 83)
(545, 83)
(546, 83)
(547, 83)
(548, 83)
(549, 83)
(550, 83)
(551, 83)
(552, 83)
(553, 83)
(554, 83)
(555, 83)
(556, 83)
(557, 83)
(558, 83)
(559, 83)
(560, 83)
(561, 83)
(562, 83)
(563, 83)
(564, 83)
(565, 83)
(566, 83)
(567, 83)
(568, 83)
(569, 83)
(570, 83)
(571, 83)
(572, 83)
(573, 83)
(574, 83)
(575, 83)
(576, 83)
(577, 83)
(578, 83)
(579, 83)
(580, 83)
(581, 83)
(582, 83)
(583, 83)
(584, 83)
(585, 83)
(586, 83)
(587, 83)
(588, 83)
(589, 83)
(590, 83)
(591, 83)
(592, 83)
(593, 83)
(594, 83)
(595, 83)
(596, 83)
(597, 83)
(598, 83)
(599, 83)
(600, 83)
(601, 83)
(602, 83)
(603, 83)
(604, 83)
(605, 83)
(606, 83)
(607, 83)
(608, 83)
(609, 83)
(610, 83)
(611, 83)
(612, 83)
(613, 83)
(614, 83)
(615, 83)
(616, 83)
(617, 83)
(618, 83)
(619, 83)
(620, 83)
(621, 83)
(622, 83)
(623, 83)
(624, 83)
(625, 83)
(626, 83)
(627, 83)
(628, 83)
(629, 83)
(630, 83)
(631, 83)
(632, 83)
(633, 83)
(634, 83)
(635, 83)
(636, 83)
(637, 83)
(638, 83)
(639, 83)
(640, 83)
(641, 83)
(642, 83)
(643, 83)
(644, 83)
(645, 83)
(646, 83)
(647, 83)
(648, 83)
(649, 83)
(650, 83)
(651, 83)
(652, 83)
(653, 83)
(654, 83)
(655, 83)
(656, 83)
(657, 83)
(658, 83)
(659, 83)
(660, 83)
(661, 83)
(662, 83)
(663, 83)
(664, 83)
(665, 83)
(666, 83)
(667, 83)
(668, 83)
(669, 83)
(670, 83)
(671, 83)
(672, 83)
(673, 83)
(674, 83)
(675, 83)
(676, 83)
(677, 83)
(678, 83)
(679, 83)
(680, 83)
(681, 83)
(682, 83)
(683, 83)
(684, 83)
(685, 83)
(686, 83)
(687, 83)
(688, 83)
(689, 83)
(690, 83)
(691, 83)
(692, 83)
(693, 83)
(694, 83)
(695, 83)
(696, 83)
(697, 83)
(698, 83)
(699, 83)
(700, 83)
(701, 83)
(702, 83)
(703, 83)
(704, 83)
(705, 83)
(706, 83)
(707, 83)
(708, 83)
(709, 83)
(710, 83)
(711, 83)
(712, 83)
(713, 83)
(714, 83)
(715, 83)
(716, 83)
(717, 83)
(718, 83)
(719, 83)
(720, 83)
(721, 83)
(722, 83)
(723, 83)
(724, 83)
(725, 83)
(726, 83)
(727, 83)
(728, 83)
(729, 83)
(730, 83)
(731, 83)
(732, 83)
(733, 83)
(734, 83)
(735, 83)
(736, 83)
(737, 83)
(738, 83)
(739, 83)
(740, 83)
(741, 83)
(742, 83)
(743, 83)
(744, 83)
(745, 83)
(746, 83)
(747, 83)
(748, 83)
(749, 83)
(750, 83)
(751, 83)
(752, 83)
(753, 83)
(754, 83)
(755, 83)
(756, 83)
(757, 83)
(758, 83)
(759, 83)
(760, 83)
(761, 83)
(762, 83)
(763, 83)
(764, 83)
(765, 83)
(766, 83)
(767, 83)
(768, 83)
(769, 83)
(770, 83)
(771, 83)
(772, 83)
(773, 83)
(774, 83)
(775, 83)
(776, 83)
(777, 83)
(778, 83)
(779, 83)
(780, 83)
(781, 83)
(782, 83)
(783, 83)
(784, 83)
(785, 83)
(786, 83)
(787, 83)
(788, 83)
(789, 83)
(790, 83)
(791, 83)
(792, 83)
(793, 83)
(794, 83)
(795, 83)
(796, 83)
(797, 83)
(798, 83)
(799, 83)
(800, 83)
(801, 83)
(802, 83)
(92, 84)
(93, 84)
(94, 84)
(95, 84)
(96, 84)
(97, 84)
(98, 84)
(99, 84)
(100, 84)
(101, 84)
(102, 84)
(103, 84)
(104, 84)
(105, 84)
(106, 84)
(107, 84)
(108, 84)
(109, 84)
(110, 84)
(111, 84)
(112, 84)
(113, 84)
(114, 84)
(115, 84)
(116, 84)
(117, 84)
(118, 84)
(119, 84)
(120, 84)
(121, 84)
(122, 84)
(123, 84)
(124, 84)
(125, 84)
(126, 84)
(127, 84)
(128, 84)
(129, 84)
(130, 84)
(131, 84)
(132, 84)
(133, 84)
(134, 84)
(135, 84)
(136, 84)
(137, 84)
(138, 84)
(139, 84)
(140, 84)
(141, 84)
(142, 84)
(143, 84)
(144, 84)
(145, 84)
(146, 84)
(147, 84)
(148, 84)
(149, 84)
(150, 84)
(151, 84)
(152, 84)
(153, 84)
(154, 84)
(155, 84)
(156, 84)
(157, 84)
(158, 84)
(159, 84)
(160, 84)
(161, 84)
(162, 84)
(163, 84)
(164, 84)
(165, 84)
(166, 84)
(167, 84)
(168, 84)
(169, 84)
(170, 84)
(171, 84)
(172, 84)
(173, 84)
(174, 84)
(175, 84)
(176, 84)
(177, 84)
(178, 84)
(179, 84)
(180, 84)
(181, 84)
(182, 84)
(183, 84)
(184, 84)
(185, 84)
(186, 84)
(187, 84)
(188, 84)
(189, 84)
(190, 84)
(191, 84)
(192, 84)
(193, 84)
(194, 84)
(195, 84)
(196, 84)
(197, 84)
(198, 84)
(199, 84)
(200, 84)
(201, 84)
(202, 84)
(203, 84)
(204, 84)
(205, 84)
(206, 84)
(207, 84)
(208, 84)
(209, 84)
(210, 84)
(211, 84)
(212, 84)
(213, 84)
(214, 84)
(215, 84)
(216, 84)
(217, 84)
(218, 84)
(219, 84)
(220, 84)
(221, 84)
(222, 84)
(223, 84)
(224, 84)
(225, 84)
(226, 84)
(227, 84)
(228, 84)
(229, 84)
(230, 84)
(231, 84)
(232, 84)
(233, 84)
(234, 84)
(235, 84)
(236, 84)
(237, 84)
(238, 84)
(239, 84)
(240, 84)
(241, 84)
(242, 84)
(243, 84)
(244, 84)
(245, 84)
(246, 84)
(247, 84)
(248, 84)
(249, 84)
(250, 84)
(251, 84)
(252, 84)
(253, 84)
(254, 84)
(255, 84)
(256, 84)
(257, 84)
(258, 84)
(259, 84)
(260, 84)
(261, 84)
(262, 84)
(263, 84)
(264, 84)
(265, 84)
(266, 84)
(267, 84)
(268, 84)
(269, 84)
(270, 84)
(271, 84)
(272, 84)
(273, 84)
(274, 84)
(275, 84)
(276, 84)
(277, 84)
(278, 84)
(279, 84)
(280, 84)
(281, 84)
(282, 84)
(283, 84)
(284, 84)
(285, 84)
(286, 84)
(287, 84)
(288, 84)
(289, 84)
(290, 84)
(291, 84)
(292, 84)
(293, 84)
(294, 84)
(295, 84)
(296, 84)
(297, 84)
(298, 84)
(299, 84)
(300, 84)
(301, 84)
(302, 84)
(303, 84)
(304, 84)
(305, 84)
(306, 84)
(307, 84)
(308, 84)
(309, 84)
(310, 84)
(311, 84)
(312, 84)
(313, 84)
(314, 84)
(315, 84)
(316, 84)
(317, 84)
(318, 84)
(319, 84)
(320, 84)
(321, 84)
(322, 84)
(323, 84)
(324, 84)
(325, 84)
(326, 84)
(327, 84)
(328, 84)
(329, 84)
(330, 84)
(331, 84)
(332, 84)
(333, 84)
(334, 84)
(335, 84)
(336, 84)
(337, 84)
(338, 84)
(339, 84)
(340, 84)
(341, 84)
(342, 84)
(343, 84)
(344, 84)
(345, 84)
(346, 84)
(347, 84)
(348, 84)
(349, 84)
(350, 84)
(351, 84)
(352, 84)
(353, 84)
(354, 84)
(355, 84)
(356, 84)
(357, 84)
(358, 84)
(359, 84)
(360, 84)
(361, 84)
(362, 84)
(363, 84)
(364, 84)
(365, 84)
(366, 84)
(367, 84)
(368, 84)
(369, 84)
(370, 84)
(371, 84)
(494, 84)
(495, 84)
(496, 84)
(497, 84)
(498, 84)
(499, 84)
(500, 84)
(501, 84)
(502, 84)
(503, 84)
(504, 84)
(505, 84)
(506, 84)
(507, 84)
(508, 84)
(509, 84)
(510, 84)
(511, 84)
(512, 84)
(513, 84)
(514, 84)
(515, 84)
(516, 84)
(517, 84)
(518, 84)
(519, 84)
(520, 84)
(521, 84)
(522, 84)
(523, 84)
(524, 84)
(525, 84)
(526, 84)
(527, 84)
(528, 84)
(529, 84)
(530, 84)
(531, 84)
(532, 84)
(533, 84)
(534, 84)
(535, 84)
(536, 84)
(537, 84)
(538, 84)
(539, 84)
(540, 84)
(541, 84)
(542, 84)
(543, 84)
(544, 84)
(545, 84)
(546, 84)
(547, 84)
(548, 84)
(549, 84)
(550, 84)
(551, 84)
(552, 84)
(553, 84)
(554, 84)
(555, 84)
(556, 84)
(557, 84)
(558, 84)
(559, 84)
(560, 84)
(561, 84)
(562, 84)
(563, 84)
(564, 84)
(565, 84)
(566, 84)
(567, 84)
(568, 84)
(569, 84)
(570, 84)
(571, 84)
(572, 84)
(573, 84)
(574, 84)
(575, 84)
(576, 84)
(577, 84)
(578, 84)
(579, 84)
(580, 84)
(581, 84)
(582, 84)
(583, 84)
(584, 84)
(585, 84)
(586, 84)
(587, 84)
(588, 84)
(589, 84)
(590, 84)
(591, 84)
(592, 84)
(593, 84)
(594, 84)
(595, 84)
(596, 84)
(597, 84)
(598, 84)
(599, 84)
(600, 84)
(601, 84)
(602, 84)
(603, 84)
(604, 84)
(605, 84)
(606, 84)
(607, 84)
(608, 84)
(609, 84)
(610, 84)
(611, 84)
(612, 84)
(613, 84)
(614, 84)
(615, 84)
(616, 84)
(617, 84)
(618, 84)
(619, 84)
(620, 84)
(621, 84)
(622, 84)
(623, 84)
(624, 84)
(625, 84)
(626, 84)
(627, 84)
(628, 84)
(629, 84)
(630, 84)
(631, 84)
(632, 84)
(633, 84)
(634, 84)
(635, 84)
(636, 84)
(637, 84)
(638, 84)
(639, 84)
(640, 84)
(641, 84)
(642, 84)
(643, 84)
(644, 84)
(645, 84)
(646, 84)
(647, 84)
(648, 84)
(649, 84)
(650, 84)
(651, 84)
(652, 84)
(653, 84)
(654, 84)
(655, 84)
(656, 84)
(657, 84)
(658, 84)
(659, 84)
(660, 84)
(661, 84)
(662, 84)
(663, 84)
(664, 84)
(665, 84)
(666, 84)
(667, 84)
(668, 84)
(669, 84)
(670, 84)
(671, 84)
(672, 84)
(673, 84)
(674, 84)
(675, 84)
(676, 84)
(677, 84)
(678, 84)
(679, 84)
(680, 84)
(681, 84)
(682, 84)
(683, 84)
(684, 84)
(685, 84)
(686, 84)
(687, 84)
(688, 84)
(689, 84)
(690, 84)
(691, 84)
(692, 84)
(693, 84)
(694, 84)
(695, 84)
(696, 84)
(697, 84)
(698, 84)
(699, 84)
(700, 84)
(701, 84)
(702, 84)
(703, 84)
(704, 84)
(705, 84)
(706, 84)
(707, 84)
(708, 84)
(709, 84)
(710, 84)
(711, 84)
(712, 84)
(713, 84)
(714, 84)
(715, 84)
(716, 84)
(717, 84)
(718, 84)
(719, 84)
(720, 84)
(721, 84)
(722, 84)
(723, 84)
(724, 84)
(725, 84)
(726, 84)
(727, 84)
(728, 84)
(729, 84)
(730, 84)
(731, 84)
(732, 84)
(733, 84)
(734, 84)
(735, 84)
(736, 84)
(737, 84)
(738, 84)
(739, 84)
(740, 84)
(741, 84)
(742, 84)
(743, 84)
(744, 84)
(745, 84)
(746, 84)
(747, 84)
(748, 84)
(749, 84)
(750, 84)
(751, 84)
(752, 84)
(753, 84)
(754, 84)
(755, 84)
(756, 84)
(757, 84)
(758, 84)
(759, 84)
(760, 84)
(761, 84)
(762, 84)
(763, 84)
(764, 84)
(765, 84)
(766, 84)
(767, 84)
(768, 84)
(769, 84)
(770, 84)
(771, 84)
(772, 84)
(773, 84)
(774, 84)
(775, 84)
(776, 84)
(777, 84)
(778, 84)
(779, 84)
(780, 84)
(781, 84)
(782, 84)
(783, 84)
(784, 84)
(785, 84)
(786, 84)
(787, 84)
(788, 84)
(789, 84)
(790, 84)
(791, 84)
(792, 84)
(793, 84)
(794, 84)
(795, 84)
(796, 84)
(797, 84)
(798, 84)
(799, 84)
(800, 84)
(801, 84)
(802, 84)
(481, 111)
(480, 113)
(480, 114)
(92, 216)
(93, 216)
(94, 216)
(95, 216)
(96, 216)
(97, 216)
(98, 216)
(99, 216)
(100, 216)
(101, 216)
(102, 216)
(103, 216)
(104, 216)
(105, 216)
(106, 216)
(107, 216)
(108, 216)
(109, 216)
(110, 216)
(111, 216)
(112, 216)
(113, 216)
(114, 216)
(115, 216)
(116, 216)
(117, 216)
(118, 216)
(119, 216)
(120, 216)
(121, 216)
(122, 216)
(123, 216)
(124, 216)
(125, 216)
(126, 216)
(127, 216)
(128, 216)
(129, 216)
(130, 216)
(131, 216)
(132, 216)
(133, 216)
(134, 216)
(135, 216)
(136, 216)
(137, 216)
(138, 216)
(139, 216)
(140, 216)
(141, 216)
(142, 216)
(143, 216)
(144, 216)
(145, 216)
(146, 216)
(147, 216)
(148, 216)
(149, 216)
(150, 216)
(151, 216)
(152, 216)
(153, 216)
(154, 216)
(155, 216)
(156, 216)
(157, 216)
(158, 216)
(159, 216)
(160, 216)
(161, 216)
(162, 216)
(163, 216)
(164, 216)
(165, 216)
(166, 216)
(167, 216)
(168, 216)
(169, 216)
(170, 216)
(171, 216)
(172, 216)
(173, 216)
(174, 216)
(175, 216)
(176, 216)
(177, 216)
(178, 216)
(179, 216)
(180, 216)
(181, 216)
(182, 216)
(183, 216)
(92, 327)
(93, 327)
(94, 327)
(95, 327)
(96, 327)
(97, 327)
(98, 327)
(99, 327)
(100, 327)
(101, 327)
(102, 327)
(103, 327)
(104, 327)
(105, 327)
(106, 327)
(107, 327)
(108, 327)
(109, 327)
(110, 327)
(111, 327)
(112, 327)
(113, 327)
(114, 327)
(115, 327)
(116, 327)
(117, 327)
(118, 327)
(119, 327)
(120, 327)
(121, 327)
(122, 327)
(123, 327)
(124, 327)
(125, 327)
(126, 327)
(127, 327)
(128, 327)
(129, 327)
(130, 327)
(131, 327)
(132, 327)
(133, 327)
(134, 327)
(135, 327)
(136, 327)
(137, 327)
(138, 327)
(139, 327)
(140, 327)
(141, 327)
(142, 327)
(143, 327)
(144, 327)
(145, 327)
(146, 327)
(147, 327)
(148, 327)
(149, 327)
(150, 327)
(151, 327)
(152, 327)
(153, 327)
(154, 327)
(155, 327)
(156, 327)
(157, 327)
(158, 327)
(159, 327)
(160, 327)
(161, 327)
(162, 327)
(163, 327)
(164, 327)
(165, 327)
(166, 327)
(167, 327)
(168, 327)
(169, 327)
(170, 327)
(171, 327)
(172, 327)
(173, 327)
(174, 327)
(175, 327)
(176, 327)
(177, 327)
(178, 327)
(179, 327)
(180, 327)
(181, 327)
(182, 327)
(92, 328)
(93, 328)
(94, 328)
(95, 328)
(96, 328)
(97, 328)
(98, 328)
(99, 328)
(100, 328)
(101, 328)
(102, 328)
(103, 328)
(104, 328)
(105, 328)
(106, 328)
(107, 328)
(108, 328)
(109, 328)
(110, 328)
(111, 328)
(112, 328)
(113, 328)
(114, 328)
(115, 328)
(116, 328)
(117, 328)
(118, 328)
(119, 328)
(120, 328)
(121, 328)
(122, 328)
(123, 328)
(124, 328)
(125, 328)
(126, 328)
(127, 328)
(128, 328)
(129, 328)
(130, 328)
(131, 328)
(132, 328)
(133, 328)
(134, 328)
(135, 328)
(136, 328)
(137, 328)
(138, 328)
(139, 328)
(140, 328)
(141, 328)
(142, 328)
(143, 328)
(144, 328)
(145, 328)
(146, 328)
(147, 328)
(148, 328)
(149, 328)
(150, 328)
(151, 328)
(152, 328)
(153, 328)
(154, 328)
(155, 328)
(156, 328)
(157, 328)
(158, 328)
(159, 328)
(160, 328)
(161, 328)
(162, 328)
(163, 328)
(164, 328)
(165, 328)
(166, 328)
(167, 328)
(168, 328)
(169, 328)
(170, 328)
(171, 328)
(172, 328)
(173, 328)
(174, 328)
(175, 328)
(176, 328)
(177, 328)
(178, 328)
(433, 417)
(433, 418)
(480, 514)
(480, 515)
(481, 517)
(481, 518)
(92, 568)
(93, 568)
(94, 568)
(95, 568)
(96, 568)
(97, 568)
(98, 568)
(99, 568)
(100, 568)
(101, 568)
(102, 568)
(103, 568)
(104, 568)
(105, 568)
(106, 568)
(107, 568)
(108, 568)
(109, 568)
(110, 568)
(111, 568)
(112, 568)
(113, 568)
(114, 568)
(115, 568)
(116, 568)
(117, 568)
(118, 568)
(119, 568)
(120, 568)
(121, 568)
(122, 568)
(123, 568)
(124, 568)
(125, 568)
(126, 568)
(127, 568)
(128, 568)
(129, 568)
(130, 568)
(131, 568)
(132, 568)
(133, 568)
(134, 568)
(135, 568)
(136, 568)
(137, 568)
(138, 568)
(139, 568)
(140, 568)
(141, 568)
(142, 568)
(143, 568)
(144, 568)
(145, 568)
(146, 568)
(147, 568)
(148, 568)
(149, 568)
(150, 568)
(151, 568)
(152, 568)
(153, 568)
(154, 568)
(155, 568)
(156, 568)
(157, 568)
(158, 568)
(159, 568)
(160, 568)
(161, 568)
(162, 568)
(163, 568)
(164, 568)
(165, 568)
(166, 568)
(167, 568)
(168, 568)
(169, 568)
(170, 568)
(171, 568)
(172, 568)
(173, 568)
(174, 568)
(175, 568)
(176, 568)
(177, 568)
(178, 568)
(179, 568)
(180, 568)
(181, 568)
(182, 568)
(183, 568)
(184, 568)
(185, 568)
(186, 568)
(187, 568)
(188, 568)
(189, 568)
(190, 568)
(191, 568)
(192, 568)
(193, 568)
(194, 568)
(195, 568)
(196, 568)
(197, 568)
(198, 568)
(199, 568)
(200, 568)
(201, 568)
(202, 568)
(203, 568)
(204, 568)
(205, 568)
(206, 568)
(207, 568)
(208, 568)
(209, 568)
(210, 568)
(211, 568)
(212, 568)
(213, 568)
(214, 568)
(215, 568)
(216, 568)
(217, 568)
(218, 568)
(219, 568)
(220, 568)
(221, 568)
(222, 568)
(223, 568)
(224, 568)
(225, 568)
(226, 568)
(227, 568)
(228, 568)
(229, 568)
(230, 568)
(231, 568)
(232, 568)
(233, 568)
(234, 568)
(235, 568)
(236, 568)
(237, 568)
(238, 568)
(239, 568)
(240, 568)
(241, 568)
(242, 568)
(243, 568)
(244, 568)
(245, 568)
(246, 568)
(247, 568)
(248, 568)
(249, 568)
(250, 568)
(251, 568)
(252, 568)
(253, 568)
(254, 568)
(255, 568)
(256, 568)
(257, 568)
(258, 568)
(259, 568)
(260, 568)
(261, 568)
(262, 568)
(263, 568)
(264, 568)
(265, 568)
(266, 568)
(267, 568)
(268, 568)
(269, 568)
(270, 568)
(271, 568)
(272, 568)
(273, 568)
(274, 568)
(275, 568)
(276, 568)
(277, 568)
(278, 568)
(279, 568)
(280, 568)
(281, 568)
(282, 568)
(283, 568)
(284, 568)
(285, 568)
(286, 568)
(287, 568)
(288, 568)
(289, 568)
(290, 568)
(291, 568)
(292, 568)
(293, 568)
(294, 568)
(295, 568)
(296, 568)
(297, 568)
(298, 568)
(299, 568)
(300, 568)
(301, 568)
(302, 568)
(303, 568)
(304, 568)
(305, 568)
(306, 568)
(307, 568)
(308, 568)
(309, 568)
(310, 568)
(311, 568)
(312, 568)
(313, 568)
(314, 568)
(315, 568)
(316, 568)
(317, 568)
(318, 568)
(319, 568)
(320, 568)
(321, 568)
(322, 568)
(323, 568)
(324, 568)
(325, 568)
(326, 568)
(327, 568)
(328, 568)
(329, 568)
(330, 568)
(331, 568)
(332, 568)
(333, 568)
(334, 568)
(335, 568)
(336, 568)
(337, 568)
(338, 568)
(339, 568)
(340, 568)
(341, 568)
(342, 568)
(343, 568)
(344, 568)
(345, 568)
(346, 568)
(347, 568)
(348, 568)
(349, 568)
(350, 568)
(351, 568)
(355, 568)
(356, 568)
(357, 568)
(358, 568)
(359, 568)
(360, 568)
(361, 568)
(362, 568)
(363, 568)
(364, 568)
(365, 568)
(366, 568)
(367, 568)
(368, 568)
(369, 568)
(370, 568)
(371, 568)
(372, 568)
(373, 568)
(374, 568)
(375, 568)
(376, 568)
(377, 568)
(378, 568)
(379, 568)
(380, 568)
(381, 568)
(382, 568)
(505, 568)
(506, 568)
(507, 568)
(508, 568)
(509, 568)
(510, 568)
(511, 568)
(512, 568)
(513, 568)
(514, 568)
(515, 568)
(516, 568)
(517, 568)
(518, 568)
(519, 568)
(520, 568)
(521, 568)
(522, 568)
(523, 568)
(524, 568)
(525, 568)
(526, 568)
(527, 568)
(528, 568)
(529, 568)
(530, 568)
(531, 568)
(532, 568)
(533, 568)
(534, 568)
(535, 568)
(536, 568)
(537, 568)
(538, 568)
(539, 568)
(540, 568)
(541, 568)
(542, 568)
(543, 568)
(544, 568)
(545, 568)
(546, 568)
(547, 568)
(548, 568)
(549, 568)
(550, 568)
(551, 568)
(552, 568)
(553, 568)
(554, 568)
(555, 568)
(556, 568)
(557, 568)
(558, 568)
(559, 568)
(560, 568)
(561, 568)
(562, 568)
(563, 568)
(564, 568)
(565, 568)
(566, 568)
(567, 568)
(568, 568)
(569, 568)
(570, 568)
(571, 568)
(572, 568)
(573, 568)
(574, 568)
(575, 568)
(576, 568)
(577, 568)
(578, 568)
(579, 568)
(580, 568)
(581, 568)
(582, 568)
(583, 568)
(584, 568)
(585, 568)
(586, 568)
(587, 568)
(588, 568)
(589, 568)
(590, 568)
(591, 568)
(592, 568)
(593, 568)
(594, 568)
(595, 568)
(596, 568)
(597, 568)
(598, 568)
(599, 568)
(600, 568)
(601, 568)
(602, 568)
(603, 568)
(604, 568)
(605, 568)
(606, 568)
(607, 568)
(608, 568)
(609, 568)
(610, 568)
(611, 568)
(612, 568)
(613, 568)
(614, 568)
(615, 568)
(616, 568)
(617, 568)
(618, 568)
(619, 568)
(620, 568)
(621, 568)
(622, 568)
(623, 568)
(624, 568)
(625, 568)
(626, 568)
(627, 568)
(628, 568)
(629, 568)
(630, 568)
(631, 568)
(632, 568)
(633, 568)
(634, 568)
(635, 568)
(636, 568)
(637, 568)
(638, 568)
(639, 568)
(640, 568)
(641, 568)
(642, 568)
(643, 568)
(644, 568)
(645, 568)
(646, 568)
(647, 568)
(648, 568)
(649, 568)
(650, 568)
(651, 568)
(652, 568)
(653, 568)
(654, 568)
(655, 568)
(656, 568)
(657, 568)
(658, 568)
(659, 568)
(660, 568)
(661, 568)
(662, 568)
(663, 568)
(664, 568)
(665, 568)
(666, 568)
(667, 568)
(668, 568)
(669, 568)
(670, 568)
(671, 568)
(672, 568)
(673, 568)
(674, 568)
(675, 568)
(676, 568)
(677, 568)
(678, 568)
(679, 568)
(680, 568)
(681, 568)
(682, 568)
(683, 568)
(684, 568)
(685, 568)
(686, 568)
(687, 568)
(688, 568)
(689, 568)
(690, 568)
(691, 568)
(692, 568)
(693, 568)
(694, 568)
(695, 568)
(696, 568)
(697, 568)
(698, 568)
(699, 568)
(700, 568)
(701, 568)
(702, 568)
(703, 568)
(704, 568)
(705, 568)
(706, 568)
(707, 568)
(708, 568)
(709, 568)
(710, 568)
(711, 568)
(712, 568)
(713, 568)
(714, 568)
(715, 568)
(716, 568)
(717, 568)
(718, 568)
(719, 568)
(720, 568)
(721, 568)
(722, 568)
(723, 568)
(724, 568)
(725, 568)
(726, 568)
(727, 568)
(728, 568)
(729, 568)
(730, 568)
(731, 568)
(732, 568)
(733, 568)
(734, 568)
(735, 568)
(736, 568)
(737, 568)
(738, 568)
(739, 568)
(740, 568)
(741, 568)
(742, 568)
(743, 568)
(744, 568)
(745, 568)
(746, 568)
(747, 568)
(748, 568)
(749, 568)
(750, 568)
(751, 568)
(752, 568)
(753, 568)
(754, 568)
(755, 568)
(756, 568)
(757, 568)
(758, 568)
(759, 568)
(760, 568)
(761, 568)
(762, 568)
(763, 568)
(764, 568)
(765, 568)
(766, 568)
(767, 568)
(768, 568)
(769, 568)
(770, 568)
(771, 568)
(772, 568)
(773, 568)
(774, 568)
(775, 568)
(776, 568)
(777, 568)
(778, 568)
(779, 568)
(780, 568)
(781, 568)
(782, 568)
(783, 568)
(784, 568)
(785, 568)
(786, 568)
(787, 568)
(788, 568)
(789, 568)
(790, 568)
(791, 568)
(792, 568)
(793, 568)
(794, 568)
(795, 568)
(796, 568)
(797, 568)
(798, 568)
(799, 568)
(800, 568)
(801, 568)
(802, 568)
(92, 569)
(93, 569)
(94, 569)
(95, 569)
(96, 569)
(97, 569)
(98, 569)
(99, 569)
(100, 569)
(101, 569)
(102, 569)
(103, 569)
(104, 569)
(105, 569)
(106, 569)
(107, 569)
(108, 569)
(109, 569)
(110, 569)
(111, 569)
(112, 569)
(113, 569)
(114, 569)
(115, 569)
(116, 569)
(117, 569)
(118, 569)
(119, 569)
(120, 569)
(121, 569)
(122, 569)
(123, 569)
(124, 569)
(125, 569)
(126, 569)
(127, 569)
(128, 569)
(129, 569)
(130, 569)
(131, 569)
(132, 569)
(133, 569)
(134, 569)
(135, 569)
(136, 569)
(137, 569)
(138, 569)
(139, 569)
(140, 569)
(141, 569)
(142, 569)
(143, 569)
(144, 569)
(145, 569)
(146, 569)
(147, 569)
(148, 569)
(149, 569)
(150, 569)
(151, 569)
(152, 569)
(153, 569)
(154, 569)
(155, 569)
(156, 569)
(157, 569)
(158, 569)
(159, 569)
(160, 569)
(161, 569)
(162, 569)
(163, 569)
(164, 569)
(165, 569)
(166, 569)
(167, 569)
(168, 569)
(169, 569)
(170, 569)
(171, 569)
(172, 569)
(173, 569)
(174, 569)
(175, 569)
(176, 569)
(177, 569)
(178, 569)
(179, 569)
(180, 569)
(181, 569)
(182, 569)
(183, 569)
(184, 569)
(185, 569)
(186, 569)
(187, 569)
(188, 569)
(189, 569)
(190, 569)
(191, 569)
(192, 569)
(193, 569)
(194, 569)
(195, 569)
(196, 569)
(197, 569)
(198, 569)
(199, 569)
(200, 569)
(201, 569)
(202, 569)
(203, 569)
(204, 569)
(205, 569)
(206, 569)
(207, 569)
(208, 569)
(209, 569)
(210, 569)
(211, 569)
(212, 569)
(213, 569)
(214, 569)
(215, 569)
(216, 569)
(217, 569)
(218, 569)
(219, 569)
(220, 569)
(221, 569)
(222, 569)
(223, 569)
(224, 569)
(225, 569)
(226, 569)
(227, 569)
(228, 569)
(229, 569)
(230, 569)
(231, 569)
(232, 569)
(233, 569)
(234, 569)
(235, 569)
(236, 569)
(237, 569)
(238, 569)
(239, 569)
(240, 569)
(241, 569)
(242, 569)
(243, 569)
(244, 569)
(245, 569)
(246, 569)
(247, 569)
(248, 569)
(249, 569)
(250, 569)
(251, 569)
(252, 569)
(253, 569)
(254, 569)
(255, 569)
(256, 569)
(257, 569)
(258, 569)
(259, 569)
(260, 569)
(261, 569)
(262, 569)
(263, 569)
(264, 569)
(265, 569)
(266, 569)
(267, 569)
(268, 569)
(269, 569)
(270, 569)
(271, 569)
(272, 569)
(273, 569)
(274, 569)
(275, 569)
(276, 569)
(277, 569)
(278, 569)
(279, 569)
(280, 569)
(281, 569)
(282, 569)
(283, 569)
(284, 569)
(285, 569)
(286, 569)
(287, 569)
(288, 569)
(289, 569)
(290, 569)
(291, 569)
(292, 569)
(293, 569)
(294, 569)
(295, 569)
(296, 569)
(297, 569)
(298, 569)
(299, 569)
(300, 569)
(301, 569)
(302, 569)
(303, 569)
(304, 569)
(305, 569)
(306, 569)
(307, 569)
(308, 569)
(309, 569)
(310, 569)
(311, 569)
(312, 569)
(313, 569)
(314, 569)
(315, 569)
(316, 569)
(317, 569)
(318, 569)
(319, 569)
(320, 569)
(321, 569)
(322, 569)
(323, 569)
(324, 569)
(325, 569)
(326, 569)
(327, 569)
(328, 569)
(329, 569)
(330, 569)
(331, 569)
(332, 569)
(333, 569)
(334, 569)
(335, 569)
(336, 569)
(337, 569)
(338, 569)
(339, 569)
(340, 569)
(341, 569)
(342, 569)
(343, 569)
(344, 569)
(345, 569)
(346, 569)
(347, 569)
(348, 569)
(349, 569)
(350, 569)
(351, 569)
(355, 569)
(356, 569)
(357, 569)
(358, 569)
(359, 569)
(360, 569)
(361, 569)
(362, 569)
(363, 569)
(364, 569)
(365, 569)
(366, 569)
(367, 569)
(368, 569)
(369, 569)
(370, 569)
(371, 569)
(372, 569)
(373, 569)
(374, 569)
(375, 569)
(376, 569)
(377, 569)
(378, 569)
(379, 569)
(380, 569)
(381, 569)
(507, 569)
(508, 569)
(509, 569)
(510, 569)
(511, 569)
(512, 569)
(513, 569)
(514, 569)
(515, 569)
(516, 569)
(517, 569)
(518, 569)
(519, 569)
(520, 569)
(521, 569)
(522, 569)
(523, 569)
(524, 569)
(525, 569)
(526, 569)
(527, 569)
(528, 569)
(529, 569)
(530, 569)
(531, 569)
(532, 569)
(533, 569)
(534, 569)
(535, 569)
(536, 569)
(537, 569)
(538, 569)
(539, 569)
(540, 569)
(541, 569)
(542, 569)
(543, 569)
(544, 569)
(545, 569)
(546, 569)
(547, 569)
(548, 569)
(549, 569)
(550, 569)
(551, 569)
(552, 569)
(553, 569)
(554, 569)
(555, 569)
(556, 569)
(557, 569)
(558, 569)
(559, 569)
(560, 569)
(561, 569)
(562, 569)
(563, 569)
(564, 569)
(565, 569)
(566, 569)
(567, 569)
(568, 569)
(569, 569)
(570, 569)
(571, 569)
(572, 569)
(573, 569)
(574, 569)
(575, 569)
(576, 569)
(577, 569)
(578, 569)
(579, 569)
(580, 569)
(581, 569)
(582, 569)
(583, 569)
(584, 569)
(585, 569)
(586, 569)
(587, 569)
(588, 569)
(589, 569)
(590, 569)
(591, 569)
(592, 569)
(593, 569)
(594, 569)
(595, 569)
(596, 569)
(597, 569)
(598, 569)
(599, 569)
(600, 569)
(601, 569)
(602, 569)
(603, 569)
(604, 569)
(605, 569)
(606, 569)
(607, 569)
(608, 569)
(609, 569)
(610, 569)
(611, 569)
(612, 569)
(613, 569)
(614, 569)
(615, 569)
(616, 569)
(617, 569)
(618, 569)
(619, 569)
(620, 569)
(621, 569)
(622, 569)
(623, 569)
(624, 569)
(625, 569)
(626, 569)
(627, 569)
(628, 569)
(629, 569)
(630, 569)
(631, 569)
(632, 569)
(633, 569)
(634, 569)
(635, 569)
(636, 569)
(637, 569)
(638, 569)
(639, 569)
(640, 569)
(641, 569)
(642, 569)
(643, 569)
(644, 569)
(645, 569)
(646, 569)
(647, 569)
(648, 569)
(649, 569)
(650, 569)
(651, 569)
(652, 569)
(653, 569)
(654, 569)
(655, 569)
(656, 569)
(657, 569)
(658, 569)
(659, 569)
(660, 569)
(661, 569)
(662, 569)
(663, 569)
(664, 569)
(665, 569)
(666, 569)
(667, 569)
(668, 569)
(669, 569)
(670, 569)
(671, 569)
(672, 569)
(673, 569)
(674, 569)
(675, 569)
(676, 569)
(677, 569)
(678, 569)
(679, 569)
(680, 569)
(681, 569)
(682, 569)
(683, 569)
(684, 569)
(685, 569)
(686, 569)
(687, 569)
(688, 569)
(689, 569)
(690, 569)
(691, 569)
(692, 569)
(693, 569)
(694, 569)
(695, 569)
(696, 569)
(697, 569)
(698, 569)
(699, 569)
(700, 569)
(701, 569)
(702, 569)
(703, 569)
(704, 569)
(705, 569)
(706, 569)
(707, 569)
(708, 569)
(709, 569)
(710, 569)
(711, 569)
(712, 569)
(713, 569)
(714, 569)
(715, 569)
(716, 569)
(717, 569)
(718, 569)
(719, 569)
(720, 569)
(721, 569)
(722, 569)
(723, 569)
(724, 569)
(725, 569)
(726, 569)
(727, 569)
(728, 569)
(729, 569)
(730, 569)
(731, 569)
(732, 569)
(733, 569)
(734, 569)
(735, 569)
(736, 569)
(737, 569)
(738, 569)
(739, 569)
(740, 569)
(741, 569)
(742, 569)
(743, 569)
(744, 569)
(745, 569)
(746, 569)
(747, 569)
(748, 569)
(749, 569)
(750, 569)
(751, 569)
(752, 569)
(753, 569)
(754, 569)
(755, 569)
(756, 569)
(757, 569)
(758, 569)
(759, 569)
(760, 569)
(761, 569)
(762, 569)
(763, 569)
(764, 569)
(765, 569)
(766, 569)
(767, 569)
(768, 569)
(769, 569)
(770, 569)
(771, 569)
(772, 569)
(773, 569)
(774, 569)
(775, 569)
(776, 569)
(777, 569)
(778, 569)
(779, 569)
(780, 569)
(781, 569)
(782, 569)
(783, 569)
(784, 569)
(785, 569)
(786, 569)
(787, 569)
(788, 569)
(789, 569)
(790, 569)
(791, 569)
(792, 569)
(793, 569)
(794, 569)
(795, 569)
(796, 569)
(797, 569)
(798, 569)
(799, 569)
(800, 569)
(801, 569)
(802, 569)
